nombreinstitucion,orden_presentacion,Activo_Total,orden_presentacion,Saldo_de_la_Cartera_de_crédito_con_riesgo_de_crédito_Etapa_1_2022,orden_presentacion,promedio,orden_presentacion,promedio,orden_presentacion,promedio,orden_presentacion,promedio,indicador_1_1,orden_presentacion,promedio,indicador_1_1,orden_presentacion,promedio,indicador_1_1,orden_presentacion,promedio,indicador_1_1,orden_presentacion,promedio,indicador_1_1,orden_presentacion,Ingresos_por_Intereses_de_Cartera_de_crédito_con_riesgo_de_crédito_etapa_1_2022,orden_presentacion,Ingresos_de_cartera_de_crédito_con_riesgo_de_crédito_etapa_2_2022,orden_presentacion,Ingresos_por_Intereses_de_Cartera_de_crédito_con_riesgo_de_crédito_etapa_3_2022,orden_presentacion,Ingresos_por_Comisiones_por_el_otorgamiento_inicial_del_crédito_2022,orden_presentacion,Ingresos_por_Comisiones_y_tarifas_cobradas_en_operaciones_de_crédito_2022,orden_presentacion,EPRC_Estimación_Preventiva_para_Riesgos_Crediticios_2022,orden_presentacion,Ingresos_por_Intereses_2022,orden_presentacion,Comisiones_y_tarifas_cobradas_2022,orden_presentacion,Resultado_por_Intermediación_2022,orden_presentacion,Otros_ingresos_egresos_de_la_operación_2022
ABC Capital,10,3883014414.25,2010,1696972964.3333333,3290,165973889.75,5200,-22647239.25,6480,-11290901.416666666,2010,1696972964.3333333,1821870174.5082664,3290,165973889.75,178189568.03559998,5200,-22647239.25,-24314076.058799997,6480,-11290901.416666666,-12121911.760933332,9710,2945548191.4166665,3162340538.3049326,210,1529479931.0,1490,158130715.0,2110,29551029.0,3360,172809268.0,7700,210562499.0,4430,194035270.0,10,2311974223.0,7700,210562499.0,9300,0.0,9630,-739919480.0
Actinver,10,45761689669.166664,2010,21232819229.083332,3290,97036368.16666667,5200,-274482755.9166667,6480,-21054245.166666668,2010,21232819229.083332,22795554724.343864,3290,97036368.16666667,104178244.86373332,5200,-274482755.9166667,-294684686.7521333,6480,-21054245.166666668,-22603837.610933334,9710,35169942923.75,37758450722.937996,210,13621418577.0,1490,151345703.0,2110,74977195.0,3360,510558172.0,7700,7970476923.0,4430,4379567012.0,10,23194416541.0,7700,7970476923.0,9300,2861621396.0,9630,4259861579.0
Afirme,10,139593744683.70334,2010,51108177029.083336,3290,1013964804.9166666,5200,-1206656406.25,6480,-200165975.41666666,2010,51108177029.083336,54869738858.42387,3290,1013964804.9166666,1088592614.5585332,5200,-1206656406.25,-1295466317.7499998,6480,-200165975.41666666,-214898191.2073333,9710,75182518838.33333,80715952224.83466,210,41963527824.0,1490,613491689.0,2110,146233988.0,3360,1332417582.0,7700,19808666672.0,4430,7816276105.0,10,118752928966.0,7700,19808666672.0,9300,2399037671.0,9630,1166941441.0
American Express,10,9667777311.25,2010,0.0,3290,0.0,5200,0.0,6480,0.0,2010,0.0,0.0,3290,0.0,0.0,5200,0.0,0.0,6480,0.0,0.0,9710,0.0,0.0,210,0.0,1490,0.0,2110,0.0,3360,0.0,7700,206255822.0,4430,0.0,10,4407508861.0,7700,206255822.0,9300,0.0,9630,24219068.0
Autofin,10,7776830889.155833,2010,3022781391.2983336,3290,110727035.71333332,5200,-53063903.25,6480,-14182501.977500001,2010,3022781391.2983336,3245258101.6978908,3290,110727035.71333332,118876545.54183464,5200,-53063903.25,-56969406.529199995,6480,-14182501.977500001,-15226334.123044,9710,4185125837.7116666,4493151099.367245,210,2794430922.16,1490,52988461.66,2110,136951010.03,3360,44053967.2,7700,681918473.6,4430,362598871.96,10,4437447848.51,7700,681918473.6,9300,43190505.77,9630,304050696.6
BBVA México,10,2695396299258.533,2010,1358462066741.6917,3290,36579774832.66917,5200,-23745474749.67917,6480,-6038375586.588333,2010,1358462066741.6917,1458444874853.88,3290,36579774832.66917,39272046260.353615,5200,-23745474749.67917,-25493141691.255554,6480,-6038375586.588333,-6482800029.761233,9710,1618175884832.2815,1737273629955.9373,210,1029578804721.34,1490,35758427439.17,2110,7831805188.43,3360,11941604170.52,7700,381749944687.71,4430,220037121352.89,10,1408396734270.97,7700,381749944687.71,9300,70456679892.42,9630,-43581121191.91
BIAfirme,10,133210359539.91667,2010,591778173.5,3290,0.0,5200,-2188482.8333333335,6480,0.0,2010,591778173.5,635333047.0696,3290,0.0,0.0,5200,-2188482.8333333335,-2349555.1698666667,6480,0.0,0.0,9710,202850890.66666666,217780716.2197333,210,209881894.0,1490,0.0,2110,0.0,3360,4119273.0,7700,0.0,4430,10338389.0,10,75032337338.0,7700,0.0,9300,-8323390897.0,9630,86087214.0
BNP Paribas México,10,10109163419.916666,2010,0.0,3290,0.0,5200,0.0,6480,0.0,2010,0.0,0.0,3290,0.0,0.0,5200,0.0,0.0,6480,0.0,0.0,9710,0.0,0.0,210,0.0,1490,0.0,2110,0.0,3360,0.0,7700,3020220745.0,4430,0.0,10,2279786490.0,7700,3020220745.0,9300,117585071.0,9630,-5914813.0
BanCoppel,10,123465591886.57167,2010,38905513776.8675,3290,1320007225.1033332,5200,-1834989351.5316668,6480,-623395789.4316667,2010,38905513776.8675,41768959590.84494,3290,1320007225.1033332,1417159756.8709383,5200,-1834989351.5316668,-1970044567.804397,6480,-623395789.4316667,-669277719.5338373,9710,105468923074.37416,113231435812.64809,210,58650252571.04,1490,1543736010.09,2110,1788576942.27,3360,383694196.15,7700,34806331396.69,4430,24003715354.79,10,91079481709.17,7700,34806331396.69,9300,-3221821470.25,9630,-2412702967.14
Banamex,10,1457631055517.7434,2010,547573889000.1492,3290,3583160692.835833,5200,-12840448870.789167,6480,-1389824194.4508333,2010,547573889000.1492,587875327230.56,3290,3583160692.835833,3846881319.82855,5200,-12840448870.789167,-13785505907.679249,6480,-1389824194.4508333,-1492115255.1624146,9710,946561216258.1124,1016228121774.7094,210,394978968974.04,1490,8142162212.16,2110,2605072105.34,3360,7110030715.67,7700,192199571737.25,4430,70484899785.97,10,644551761770.07,7700,192199571737.25,9300,123559759847.48,9630,-6568716662.88
Banca Mifel,10,98295753373.0,2010,57915105354.916664,3290,522924181.25,5200,-607716446.5833334,6480,-126162338.25,2010,57915105354.916664,62177657109.03852,3290,522924181.25,561411400.9899999,5200,-607716446.5833334,-652444377.0518667,6480,-126162338.25,-135447886.34519997,9710,50479364179.083336,54194645382.663864,210,37817628348.0,1490,0.0,2110,975750050.0,3360,223649388.0,7700,6942500453.0,4430,1758159031.0,10,52542150144.0,7700,6942500453.0,9300,1124579424.0,9630,-766204876.0
Banco Azteca,10,271837914794.2042,2010,134886563219.44,3290,4578263640.955,5200,-5321540516.461667,6480,-1402991514.8033333,2010,134886563219.44,144814214272.39078,3290,4578263640.955,4915223844.929287,5200,-5321540516.461667,-5713205898.473246,6480,-1402991514.8033333,-1506251690.2928584,9710,200631857517.405,215398362230.68597,210,408292528920.63,1490,13008338790.85,2110,5017505100.67,3360,639809257.34,7700,29484034792.44,4430,74610165114.27,10,471897107396.14,7700,29484034792.44,9300,25401416196.64,9630,-7213268420.75
Banco Base,10,72981038216.75,2010,14434284890.0,3290,44510554.583333336,5200,-134615411.75,6480,-14857701.25,2010,14434284890.0,15496648257.904,3290,44510554.583333336,47786531.40066666,5200,-134615411.75,-144523106.05479997,6480,-14857701.25,-15951228.061999999,9710,24910221586.333332,26743613895.087463,210,8281205939.0,1490,39380868.0,2110,52204905.0,3360,614068298.0,7700,249387798.0,4430,1636840197.0,10,29938552290.0,7700,249387798.0,9300,19983599971.0,9630,-658073389.0
Banco S3,10,4315286980.083333,2010,25872362.083333332,3290,0.0,5200,-148743.58333333334,6480,0.0,2010,25872362.083333332,27776567.932666663,3290,0.0,0.0,5200,-148743.58333333334,-159691.11106666666,6480,0.0,0.0,9710,2278571348.4166665,2446274199.660133,210,14997591.0,1490,0.0,2110,0.0,3360,0.0,7700,1832686059.0,4430,1784923.0,10,1900672209.0,7700,1832686059.0,9300,-4463244.0,9630,9706176.0
Banco del Bajío,10,293217220578.32,2010,202605516401.53918,3290,2273548735.0875,5200,-1543645693.455,6480,-294692716.3358333,2010,202605516401.53918,217517282408.69244,3290,2273548735.0875,2440881921.9899397,5200,-1543645693.455,-1657258016.4932878,6480,-294692716.3358333,-316382100.25815064,9710,197468213877.11667,212001874418.47244,210,123538017353.18001,1490,1526344437.19,2110,556073066.23,3360,3736248212.37,7700,21127400357.76,4430,4812395563.47,10,157788733129.29,7700,21127400357.76,9300,5345788249.76,9630,-4392734905.72
Bancrea,10,27293505786.269165,2010,21665223454.017498,3290,34458430.887499996,5200,-166380396.50416666,6480,-3401501.6366666667,2010,21665223454.017498,23259783900.233185,3290,34458430.887499996,36994571.400819995,5200,-166380396.50416666,-178625993.68687332,6480,-3401501.6366666667,-3651852.157125333,9710,19029699256.461666,20430285121.737244,210,14298529048.29,1490,172560112.56,2110,15604001.44,3360,173006469.54999998,7700,807669991.89,4430,390937765.47,10,16656221198.14,7700,807669991.89,9300,205626383.08,9630,244519104.3
Bank of America,10,95112825624.66667,2010,25269260831.416668,3290,0.0,5200,-186703924.75,6480,0.0,2010,25269260831.416668,27129078428.608932,3290,0.0,0.0,5200,-186703924.75,-200445333.61159998,6480,0.0,0.0,9710,44827450086.75,48126750413.134796,210,9596413960.0,1490,0.0,2110,0.0,3360,75340023.0,7700,1075067455.0,4430,-2908670999.0,10,57887591283.0,7700,1075067455.0,9300,9692289388.0,9630,-631907231.0
Bank of China,10,6760604788.383334,2010,3150857776.0308337,3290,9569353.496666666,5200,-16429059.403333334,6480,-919355.9375,2010,3150857776.0308337,3382760908.3467026,3290,9569353.496666666,10273657.914021332,5200,-16429059.403333334,-17638238.175418667,6480,-919355.9375,-987020.5345,9710,29225211.858333334,31376187.451106664,210,1012818011.61,1490,3280844.51,2110,35129718.97,3360,10982811.46,7700,164998738.79,4430,268317192.97,10,1624326265.15,7700,164998738.79,9300,0.0,9630,-45883383.480000004
Bankaool,10,6409720595.25,2010,4318273214.333333,3290,88829586.16666667,5200,-89973434.66666667,6480,-19642837.583333332,2010,4318273214.333333,4636098122.908266,3290,88829586.16666667,95367443.70853333,5200,-89973434.66666667,-96595479.45813332,6480,-19642837.583333332,-21088550.429466665,9710,4704159038.75,5050385144.002,210,3742550310.0,1490,102567100.0,2110,28232155.0,3360,85854878.0,7700,313950385.0,4430,437410037.0,10,4016413682.0,7700,313950385.0,9300,1178135.0,9630,212923366.0
Banorte,10,1550925649940.6416,2010,838264281201.4159,3290,7230895568.235,5200,-9209540695.32,6480,-1494971825.8791666,2010,838264281201.4159,899960532297.84,3290,7230895568.235,7763089482.057095,5200,-9209540695.32,-9887362890.49555,6480,-1494971825.8791666,-1605001752.263873,9710,870471520956.495,934538224898.893,210,575925095354.29,1490,5890272459.6,2110,1340196958.55,3360,9587880109.38,7700,187100407253.89,4430,70060669279.56,10,1348217674405.44,7700,187100407253.89,9300,24658464704.35,9630,-24420734013.06
Banregio,10,188420692621.57498,2010,121135707386.08333,3290,2041466404.0675,5200,-1590744348.7858334,6480,-438709440.28666663,2010,121135707386.08333,130051295449.69905,3290,2041466404.0675,2191718331.406868,5200,-1590744348.7858334,-1707823132.8564706,6480,-438709440.28666663,-470998455.0917652,9710,124362973516.0125,133516088366.791,210,79759964332.37,1490,1675992573.25,2110,1079552978.22,3360,4033339618.31,7700,20132769073.88,4430,1454254810.73,10,121199412873.67,7700,20132769073.88,9300,5623511083.0,9630,3323734797.38
Bansí,10,44207044372.083336,2010,20284675709.166668,3290,856384991.6666666,5200,-519551829.0,6480,-203658363.16666666,2010,20284675709.166668,21777627841.361332,3290,856384991.6666666,919414927.0533332,5200,-519551829.0,-557790843.6143999,6480,-203658363.16666666,-218647618.6957333,9710,26503789407.0,28454468307.355198,210,14407772874.0,1490,944024013.0,2110,895114069.0,3360,1567764312.0,7700,3198959265.0,4430,1968203217.0,10,26797972782.0,7700,3198959265.0,9300,10199613.0,9630,-438800320.0
Barclays,10,87394618467.25,2010,0.0,3290,0.0,5200,0.0,6480,0.0,2010,0.0,0.0,3290,0.0,0.0,5200,0.0,0.0,6480,0.0,0.0,9710,0.0,0.0,210,0.0,1490,0.0,2110,0.0,3360,0.0,7700,0.0,4430,0.0,10,5472116999.0,7700,0.0,9300,6542102778.0,9630,6683758156.0
CIBanco,10,87731436468.08333,2010,12846946209.583334,3290,119038248.5,5200,-113369332.5,6480,-28048591.166666668,2010,12846946209.583334,13792481450.608665,3290,119038248.5,127799463.58959998,5200,-113369332.5,-121713315.372,6480,-28048591.166666668,-30112967.47653333,9710,48568273795.166664,52142898746.49093,210,8174379547.0,1490,12522654.0,2110,28086624.0,3360,684706993.0,7700,4267662240.0,4430,847330888.0,10,27258734634.0,7700,4267662240.0,9300,25008468482.0,9630,2638939840.0
Compartamos,10,38884523886.0,2010,29301679306.333332,3290,449195711.1666667,5200,-1093092289.4166667,6480,-250303914.66666666,2010,29301679306.333332,31458282903.27946,3290,449195711.1666667,482256515.5085333,5200,-1093092289.4166667,-1173543881.9177332,6480,-250303914.66666666,-268726282.7861333,9710,13565649659.25,14564081474.1708,210,126410128517.0,1490,568030629.0,2110,14092983.0,3360,0.0,7700,7491624611.0,4430,15818497147.0,10,129245202001.0,7700,7491624611.0,9300,-7506303.0,9630,282171865.0
Consubanco,10,17318461200.166668,2010,12326705553.5,3290,211251612.08333334,5200,-259756125.83333334,6480,-60278796.833333336,2010,12326705553.5,13233951082.237598,3290,211251612.08333334,226799730.73266664,5200,-259756125.83333334,-278874176.6946666,6480,-60278796.833333336,-64715316.280266665,9710,11387739892.333334,12225877548.409065,210,22745367490.0,1490,381066168.0,2110,0.0,3360,0.0,7700,144072347.0,4430,1846120682.0,10,23609203846.0,7700,144072347.0,9300,-40162826.0,9630,-2753664415.0
Credit Suisse,10,31519655230.583332,2010,479202159.9166667,3290,0.0,5200,-20509530.5,6480,0.0,2010,479202159.9166667,514471438.8865333,3290,0.0,0.0,5200,-20509530.5,-22019031.944799997,6480,0.0,0.0,9710,84092838.75,90282071.682,210,272454299.0,1490,0.0,2110,0.0,3360,0.0,7700,1709893100.0,4430,-83742334.0,10,2251251923.0,7700,1709893100.0,9300,1130273399.0,9630,221850898.0
Deutsche Bank,10,1595845068.5,2010,0.0,3290,0.0,5200,0.0,6480,0.0,2010,0.0,0.0,3290,0.0,0.0,5200,0.0,0.0,6480,0.0,0.0,9710,0.0,0.0,210,0.0,1490,0.0,2110,0.0,3360,0.0,7700,0.0,4430,0.0,10,663142659.0,7700,0.0,9300,-8660199.0,9630,307187717.0
Dondé Banco,10,611428853.1666666,2010,259681564.0,3290,1703128.8333333333,5200,-2217830.8333333335,6480,-366494.8333333333,2010,259681564.0,278794127.11039996,3290,1703128.8333333333,1828479.1154666664,5200,-2217830.8333333335,-2381063.182666667,6480,-366494.8333333333,-393468.8530666666,9710,22160438.083333332,23791446.32626666,210,259520048.0,1490,1428450.0,2110,0.0,3360,7309981.0,7700,4081849.0,4430,7112154.0,10,337112024.0,7700,4081849.0,9300,0.0,9630,-14202734.0
Finterra,10,2963259300.2166667,2010,1770731055.5083332,3290,11861352.631666666,5200,-17592615.050833333,6480,-1980808.1691666667,2010,1770731055.5083332,1901056861.1937463,3290,11861352.631666666,12734348.18535733,5200,-17592615.050833333,-18887431.518574666,6480,-1980808.1691666667,-2126595.650417333,9710,390003459.615,418707714.242664,210,1408507974.48,1490,15105202.5,2110,22625040.47,3360,138901450.59,7700,31094164.28,4430,210696127.98,10,1909079947.23,7700,31094164.28,9300,-5790332.08,9630,-763748352.79
Forjadores,10,772753764.6666666,2010,364723711.8333333,3290,26563029.0,5200,-13019062.5,6480,-14609423.666666666,2010,364723711.8333333,391567377.0242666,3290,26563029.0,28518067.934399996,5200,-13019062.5,-13977265.499999998,6480,-14609423.666666666,-15684677.24853333,9710,236219651.08333334,253605417.40306666,210,2024751321.0,1490,36065735.0,2110,13468803.0,3360,11634093.0,7700,76062503.0,4430,974569478.0,10,2162391967.0,7700,76062503.0,9300,0.0,9630,123402585.0
HSBC,10,756664676989.6666,2010,388092084878.0,3290,4114058969.3333335,5200,-6919371303.5,6480,-1222283505.0,2010,388092084878.0,416655662325.02075,3290,4114058969.3333335,4416853709.476266,5200,-6919371303.5,-7428637031.437599,6480,-1222283505.0,-1312243570.968,9710,502909898833.0,539924067387.10876,210,280614399973.0,1490,4790892463.0,2110,1808185943.0,3360,7954360427.0,7700,69012763768.0,4430,60610435126.0,10,385079736753.83997,7700,69012763768.0,9300,20091689831.16,9630,-2895746488.0
ICBC,10,5494024991.916667,2010,3212454587.1666665,3290,0.0,5200,-27501854.0,6480,0.0,2010,3212454587.1666665,3448891244.7821326,3290,0.0,0.0,5200,-27501854.0,-29525990.454399996,6480,0.0,0.0,9710,1798944899.4166667,1931347244.0137331,210,1307916805.0,1490,0.0,2110,0.0,3360,49374043.0,7700,39708550.0,4430,-1083791011.0,10,1961856695.0,7700,39708550.0,9300,63485334.0,9630,-111678707.0
Inbursa,10,454074784452.8333,2010,266860503083.08334,3290,1364339949.3333333,5200,-4923326750.0,6480,-470486314.4166667,2010,266860503083.08334,286501436109.9982,3290,1364339949.3333333,1464755369.6042664,5200,-4923326750.0,-5285683598.799999,6480,-470486314.4166667,-505114107.1577333,9710,272862503273.58334,292945183514.51904,210,169363958486.0,1490,6488620818.0,2110,1745202243.0,3360,2327093415.0,7700,29138393122.0,4430,11256290538.0,10,338387789857.0,7700,29138393122.0,9300,3573609720.0,9630,-5661654590.0
Inmobiliario Mexicano,10,9411502345.115,2010,6990649933.846667,3290,375462729.70166665,5200,-107725387.255,6480,-79114768.00666668,2010,6990649933.846667,7505161768.977781,3290,375462729.70166665,403096786.6077093,5200,-107725387.255,-115653975.75696798,6480,-79114768.00666668,-84937614.93195733,9710,5958013750.202499,6396523562.217402,210,5554700330.92,1490,312429824.03,2110,142259193.04,3360,122967875.45,7700,1983260992.23,4430,507235935.40000004,10,6612014056.37,7700,1983260992.23,9300,0.0,9630,-50819917.839999996
Intercam Banco,10,45523190897.75,2010,13413448634.75,3290,377539251.0,5200,-83128486.66666667,6480,-11425558.333333334,2010,13413448634.75,14400678454.2676,3290,377539251.0,405326139.87359995,5200,-83128486.66666667,-89246743.28533334,6480,-11425558.333333334,-12266479.426666666,9710,28428327889.0,30520652821.630398,210,5987052175.0,1490,217265936.0,2110,126574674.0,3360,200432289.0,7700,2036563664.0,4430,1923228899.0,10,12884096680.0,7700,2036563664.0,9300,45716349813.0,9630,-818690809.0
Invex,10,98436297874.16667,2010,24851685653.5,3290,222408085.08333334,5200,-595680711.0833334,6480,-108991561.66666667,2010,24851685653.5,26680769717.5976,3290,222408085.08333334,238777320.14546666,5200,-595680711.0833334,-639522811.4190667,6480,-108991561.66666667,-117013340.60533333,9710,27702327322.833332,29741218613.79386,210,23342374445.0,1490,11041148.0,2110,0.0,3360,598090079.0,7700,17682055525.0,4430,5482701361.0,10,68406232543.0,7700,17682055525.0,9300,10610452026.0,9630,1043534487.0
J.P. Morgan,10,177211294967.58334,2010,17223301574.166668,3290,632217531.3333334,5200,-187584201.08333334,6480,-10898864.25,2010,17223301574.166668,18490936570.025333,3290,632217531.3333334,678748741.6394666,5200,-187584201.08333334,-201390398.28306666,6480,-10898864.25,-11701020.658799998,9710,47148781898.916664,50618932246.676926,210,6563381354.0,1490,147013813.0,2110,335004741.0,3360,0.0,7700,14449287095.0,4430,-2032106292.0,10,26509699098.0,7700,14449287095.0,9300,13992186666.0,9630,-766841066.0
KEB Hana México,10,5033783963.25,2010,3589988698.0,3290,8537512.416666666,5200,-12500932.25,6480,-3841880.5833333335,2010,3589988698.0,3854211866.1727996,3290,8537512.416666666,9165873.330533331,5200,-12500932.25,-13421000.863599999,6480,-3841880.5833333335,-4124642.9942666665,9710,189665045.16666666,203624392.4909333,210,814778828.0,1490,4044879.0,2110,0.0,3360,11271146.0,7700,0.0,4430,90110340.0,10,1353287865.0,7700,0.0,9300,-9425532.0,9630,-73309075.0
MUFG Bank,10,45044936934.0,2010,7122096375.25,3290,0.0,5200,-40241328.916666664,6480,0.0,2010,7122096375.25,7646282668.468399,3290,0.0,0.0,5200,-40241328.916666664,-43203090.724933326,6480,0.0,0.0,9710,31631505608.333332,33959584421.106663,210,2014263359.0,1490,0.0,2110,0.0,3360,29508553.0,7700,327374450.0,4430,5000598.0,10,9196334160.0,7700,327374450.0,9300,2972848624.0,9630,-689149991.0
Mizuho Bank,10,7342916184.166667,2010,3851972856.0,3290,0.0,5200,-17401612.416666668,6480,0.0,2010,3851972856.0,4135478058.2015996,3290,0.0,0.0,5200,-17401612.416666668,-18682371.09053333,6480,0.0,0.0,9710,3515612894.5,3774362003.5351996,210,1913942936.0,1490,0.0,2110,0.0,3360,0.0,7700,1287663463.0,4430,-120544978.0,10,2804764887.0,7700,1287663463.0,9300,249910492.0,9630,-37979498.0
Monex,10,210520662283.295,2010,27549662516.72,3290,195196513.83583334,5200,-277002561.76416665,6480,-38703916.645,2010,27549662516.72,29577317677.950592,3290,195196513.83583334,209562977.25415066,5200,-277002561.76416665,-297389950.3100093,6480,-38703916.645,-41552524.910072,9710,52571115434.386665,56440349530.35752,210,13092256418.289999,1490,79013819.3,2110,23266104.95,3360,277944898.48,7700,2610840677.71,4430,1565834511.5,10,65961187672.479996,7700,2610840677.71,9300,39666545063.12,9630,-1156032120.22
Multiva,10,91183671532.58333,2010,51932389405.333336,3290,403997635.6666667,5200,-444259536.5,6480,-40314418.416666664,2010,51932389405.333336,55754613265.565865,3290,403997635.6666667,433731861.65173334,5200,-444259536.5,-476957038.3863999,6480,-40314418.416666664,-43281559.612133324,9710,50683215445.0,54413500101.75199,210,33257521916.0,1490,173264515.0,2110,265613444.0,3360,264917550.0,7700,5730296879.0,4430,1165051583.0,10,49084200310.0,7700,5730296879.0,9300,1085857612.0,9630,-2195504670.0
Pagatodo,10,348383013.9166667,2010,0.0,3290,0.0,5200,0.0,6480,0.0,2010,0.0,0.0,3290,0.0,0.0,5200,0.0,0.0,6480,0.0,0.0,9710,30712826.583333332,32973290.61986666,210,0.0,1490,0.0,2110,0.0,3360,0.0,7700,109415231.0,4430,0.0,10,105197501.0,7700,109415231.0,9300,0.0,9630,154919356.0
Sabadell,10,122157186648.91667,2010,79644980442.08333,3290,5886935559.25,5200,-434776271.4166667,6480,-95715955.33333333,2010,79644980442.08333,85506851002.62065,3290,5886935559.25,6320214016.410799,5200,-434776271.4166667,-466775804.99293333,6480,-95715955.33333333,-102760649.64586665,9710,60799186750.416664,65274006895.24732,210,33449919127.0,1490,2878549330.0,2110,375697241.0,3360,636144800.0,7700,1861406144.0,4430,111138202.0,10,48847731886.0,7700,1861406144.0,9300,389657343.0,9630,-1984343407.98
Santander,10,1819310769786.6667,2010,742069924060.1666,3290,28234183556.416668,5200,-9750952803.333334,6480,-3009924192.5833335,2010,742069924060.1666,796686270470.9948,3290,28234183556.416668,30312219466.16893,5200,-9750952803.333334,-10468622929.658667,6480,-3009924192.5833335,-3231454613.1574664,9710,874788994418.0,939173464407.1647,210,558344124448.0,1490,3717546509.0,2110,5310879348.0,3360,3554259128.0,7700,186514648396.8,4430,81705818051.0,10,815963364236.0,7700,186514648396.8,9300,27006128559.0,9630,-52954393278.0
Scotiabank,10,707776269419.5834,2010,441731391058.1667,3290,3631576137.5,5200,-4087552297.0,6480,-565550524.5833334,2010,441731391058.1667,474242821440.0477,3290,3631576137.5,3898860141.22,5200,-4087552297.0,-4388396146.059199,6480,-565550524.5833334,-607175043.1926666,9710,450036776130.1667,483159482853.3469,210,261245492739.0,1490,4126211154.0,2110,2851139931.0,3360,3173241140.0,7700,30989078250.0,4430,-4917711882.0,10,346499938244.0,7700,30989078250.0,9300,8651407469.0,9630,3846884926.0
Shinhan,10,4866745887.5,2010,3424561065.1666665,3290,0.0,5200,-11849644.416666666,6480,0.0,2010,3424561065.1666665,3676608759.562933,3290,0.0,0.0,5200,-11849644.416666666,-12721778.245733332,6480,0.0,0.0,9710,593985122.0833334,637702427.0686667,210,906773690.0,1490,0.0,2110,7209955.0,3360,48120107.0,7700,16187956.0,4430,-67606264.0,10,1832843653.0,7700,16187956.0,9300,24280556.0,9630,-101772312.0
Total Banca Múltiple,10,12192599422757.193,2010,5654420622070.941,3290,107969753456.88667,5200,-89388347464.0,6480,-18540528949.148335,2010,5654420622070.941,6070585979855.362,3290,107969753456.88667,115916327311.31352,5200,-89388347464.0,-95967329837.35039,6480,-18540528949.148335,-19905111879.80565,9710,6884078038590.034,7390746182230.26,210,4413329645747.64,1490,94517465882.87,2110,35840033312.61,3360,63740346629.47,7700,1292059669075.92,4430,661471053815.96,10,7085149241396.47,7700,1292059669075.92,9300,489621248578.45,9630,-139745568141.49
Ve por Más,10,73251481765.58333,2010,46092634725.166664,3290,1111217647.4166667,5200,-541176310.8333334,6480,-214811195.58333334,2010,46092634725.166664,49485052640.93893,3290,1111217647.4166667,1193003266.2665334,5200,-541176310.8333334,-581006887.3106667,6480,-214811195.58333334,-230621299.57826665,9710,43707558450.0,46924434751.92,210,30818059136.0,1490,716355473.0,2110,4483552.0,3360,1204622002.0,7700,1462453518.0,4430,3615102721.0,10,41673399560.0,7700,1462453518.0,9300,2982688083.0,9630,-51534595.0
Volkswagen Bank,10,3882076318.6666665,2010,2867602857.25,3290,40973000.833333336,5200,-39816425.166666664,6480,-14581474.833333334,2010,2867602857.25,3078658427.5435996,3290,40973000.833333336,43988613.69466666,5200,-39816425.166666664,-42746914.058933325,6480,-14581474.833333334,-15654671.381066665,9710,877716035.8333334,942315936.0706666,210,3429332928.0,1490,57953934.0,2110,157713031.0,3360,198215937.0,7700,0.0,4430,255263960.0,10,4166124063.0,7700,0.0,9300,0.0,9630,276786267.0
